 <pre>

 Contingency table for Cloud cover (octas)
 Selection: ALL     79 stations
Period: 20211110-20211129
Used {00,03,...,21} + 03 06 ... 36
 Limits   0.500000000       1.50000000       2.50000000       3.50000000       4.50000000       5.50000000       6.50000000       7.50000000    
 Each class is data <= limit, the very last > last limit
 Total number of values       72252
                                                       OBSERVATION
                                   7777      928      511      411      269      238      335      573     1377 |     12419
                                   1262      211      168      168      105      138      130      270      684 |      3136
                                    725      155      120      123       75      101      115      206      532 |      2152
                                    609      120       85      105       63       98       99      210      511 |      1900
                           REF      563       89      105      103       68       65      123      215      547 |      1878
                                    558      114       92      116       71       99      133      272      591 |      2046
                                    638      137      111      104       94      125      179      332      730 |      2450
                                   1038      183      194      186      146      216      288      594     1339 |      4184
                                   4604      987      907     1014      940     1532     2319     6595    23189 |     42087

                    SUM           17774     2924     2293     2330     1831     2612     3721     9267    29500 |     72252
                                                       OBSERVATION
                                   7880      918      529      425      297      255      324      590     1397 |     12615
                                   1208      227      166      158       94      137      130      303      741 |      3164
                                    754      157      120      123       81       83      144      229      557 |      2248
                                    598      127       98      105       66      108      109      183      571 |      1965
                         SAR_4      557      121       96      115       62      104      101      218      540 |      1914
                                    561      111       76       90       63       91      140      207      604 |      1943
                                    616      125      120      127       85      133      173      320      748 |      2447
                                    965      192      189      188      136      183      285      612     1265 |      4015
                                   4635      946      899      999      947     1518     2315     6605    23077 |     41941

                    SUM           17774     2924     2293     2330     1831     2612     3721     9267    29500 |     72252

