 <pre>

 Contingency table for Cloud cover (octas)
 Selection: ALL     79 stations
Period: 20211110-20211130
Used {00,03,...,21} + 03 06 ... 36
 Limits   0.500000000       1.50000000       2.50000000       3.50000000       4.50000000       5.50000000       6.50000000       7.50000000    
 Each class is data <= limit, the very last > last limit
 Total number of values       73116
                                                       OBSERVATION
                                   7824      943      513      412      269      238      335      573     1382 |     12489
                                   1286      224      171      172      105      142      130      276      712 |      3218
                                    746      163      122      132       76      106      116      208      543 |      2212
                                    623      122       87      105       64      103      101      216      519 |      1940
                           REF      574       91      111      107       68       66      123      223      557 |      1920
                                    574      118       98      121       71      101      134      279      599 |      2095
                                    658      143      117      114       97      128      179      340      742 |      2518
                                   1062      191      200      198      147      225      292      600     1354 |      4269
                                   4673     1001      922     1041      946     1557     2359     6618    23338 |     42455

                    SUM           18020     2996     2341     2402     1843     2666     3769     9333    29746 |     73116
                                                       OBSERVATION
                                   7923      933      533      426      297      255      324      590     1404 |     12685
                                   1229      235      169      167       94      140      130      310      771 |      3245
                                    780      169      123      126       81       89      144      232      565 |      2309
                                    619      130       99      107       68      113      111      188      580 |      2015
                         SAR_4      568      123      100      116       62      105      102      225      545 |      1946
                                    568      116       80      100       63       93      140      218      613 |      1991
                                    636      130      127      135       87      137      175      327      760 |      2514
                                    990      196      194      200      137      192      290      617     1287 |      4103
                                   4707      964      916     1025      954     1542     2353     6626    23221 |     42308

                    SUM           18020     2996     2341     2402     1843     2666     3769     9333    29746 |     73116

