 <pre>

 Contingency table for Visibility (m)
 Selection: ALL    104 stations
Period: 20211110-20211129
Used {00,03,...,21} + 00 03 ... 36
 Limits    1000.00000       5000.00000       10000.0000       20000.0000    
 Each class is data <= limit, the very last > last limit
 Total number of values      112142
                                     OBSERVATION
                                    665      583      319      183      341 |      2091
                                   1258     5689     2983     3060     6739 |     19729
                           REF      259     1828     1412     1868     5704 |     11071
                                    210     1172     1326     2648    15003 |     20359
                                    594     4159     5787    10359    37993 |     58892

                    SUM            2986    13431    11827    18118    65780 |    112142
                                     OBSERVATION
                                    648      579      324      181      361 |      2093
                                   1244     5604     2974     3116     6824 |     19762
                         SAR_4      267     1813     1368     1808     5557 |     10813
                                    211     1164     1282     2519    14704 |     19880
                                    616     4271     5879    10494    38334 |     59594

                    SUM            2986    13431    11827    18118    65780 |    112142

