 <pre>

 Contingency table for Visibility (m)
 Selection: ALL    104 stations
Period: 20211110-20211130
Used {00,03,...,21} + 00 03 ... 36
 Limits    1000.00000       5000.00000       10000.0000       20000.0000    
 Each class is data <= limit, the very last > last limit
 Total number of values      113387
                                     OBSERVATION
                                    665      583      319      183      341 |      2091
                                   1258     5720     2984     3067     6742 |     19771
                           REF      265     1877     1426     1892     5733 |     11193
                                    215     1230     1344     2723    15126 |     20638
                                    602     4247     5892    10543    38410 |     59694

                    SUM            3005    13657    11965    18408    66352 |    113387
                                     OBSERVATION
                                    648      580      324      181      362 |      2095
                                   1244     5637     2976     3126     6830 |     19813
                         SAR_4      270     1860     1379     1828     5590 |     10927
                                    216     1222     1296     2584    14803 |     20121
                                    627     4358     5990    10689    38767 |     60431

                    SUM            3005    13657    11965    18408    66352 |    113387

